47.4056734648 55.2984934435 42.9411568047 130.123504722 
43.7578010309 55.0299742415 157.798570069 49.119134188 
155.953584172 27.721477123 31.7943039204 39.0749385707 
27.7376309749 137.697573299 43.0623930633 46.9951453506 
48.9016591488 0.0 31.1268646791 117.417443999 
37.314725227 0.0 124.86183836 48.2483561225 
143.760358446 0.0 23.7349689126 -27.4025516348 
25.2014190956 0.0 69.9130453121 105.074348852 
0.0 29.4672582081 36.9608420577 104.89474638 
0.0 11.6935906237 129.268773598 35.9740501913 
0.0 18.3611117173 91.0531128453 50.4842191221 
0.0 109.638168464 25.720133583 21.7899467444 
0.0 0.0 38.8052732662 120.966377986 
0.0 0.0 141.164611156 41.7427675173 
0.0 0.0 57.0751999271 91.7623421167 
0.0 0.0 33.6850255175 97.9750862933 
8.29543348298 -12.7991070148 0.0 118.497341004 
78.449752111 66.8746633664 0.0 22.8362884186 
138.162533551 29.2448047422 0.0 61.034153564 
18.1249621969 110.118335139 0.0 15.2016225056 
22.5504392765 0.0 0.0 105.049910448 
0.0 0.0 0.0 0.0 
99.9833277532 0.0 0.0 24.2434978153 
39.849490621 0.0 0.0 75.5834001242 
0.0 29.7783459494 0.0 61.4482500849 
0.0 29.472619258 0.0 0.0 
0.0 33.0998703948 0.0 67.2345266449 
0.0 90.1505802778 0.0 35.2783116154 
0.0 0.0 0.0 134.248774723 
0.0 0.0 0.0 0.0 
0.0 0.0 0.0 101.04742543 
0.0 0.0 0.0 74.8175171369 
102.77517679 0.0 14.7450886595 0.0 
17.3737303241 10.0006551674 115.607942093 0.0 
122.356996805 29.5512329447 30.8144837668 0.0 
23.4321888969 90.9479518593 25.9685816018 0.0 
86.1890841564 0.0 53.5481108447 0.0 
4.17673849715 0.0 96.8789523229 0.0 
132.206485894 0.0 12.3509040527 0.0 
45.7938267188 0.0 65.6036296948 0.0 
0.0 70.4769818938 57.9117775612 0.0 
0.0 28.531774667 123.672358203 0.0 
0.0 22.3932001288 65.2521821056 0.0 
0.0 -20.0 -20.0 0.0 
0.0 0.0 -4.98403289014 0.0 
0.0 0.0 141.136173257 0.0 
0.0 0.0 110.439010321 0.0 
0.0 0.0 74.4384836378 0.0 
88.496175407 69.6169189517 0.0 0.0 
23.8005664447 117.989935458 0.0 0.0 
47.449573098 -9.52192328019 0.0 0.0 
-30.30708224 -24.445941248 0.0 0.0 
0.0 0.0 0.0 0.0 
0.0 0.0 0.0 0.0 
0.0 0.0 0.0 0.0 
0.0 0.0 0.0 0.0 
0.0 0.0 0.0 0.0 
0.0 0.0 0.0 0.0 
0.0 0.0 0.0 0.0 
0.0 0.0 0.0 0.0 
0.0 0.0 0.0 0.0 
0.0 0.0 0.0 0.0 
0.0 0.0 0.0 0.0 
0.0 0.0 0.0 0.0 
37.8462089773 29.5761041296 33.8013492814 83.9967030123 
35.2961073054 38.341262525 78.2825094691 33.93098537 
88.8239531828 25.9450953221 25.6903093879 35.0171214318 
25.2525339784 79.08879424 32.072272456 24.9793378893 
24.9557265812 0.0 53.4432611799 76.036525506 
17.9265723137 0.0 67.6376536573 37.5218953755 
73.0624415883 0.0 18.4322259877 27.8471906751 
22.6819004039 0.0 61.7342374733 22.3629410617 
0.0 31.4136773201 29.2404390966 102.313117862 
0.0 34.6470647382 88.3814242625 53.7302679699 
0.0 38.4059336513 63.9208304855 68.4555589642 
0.0 83.1044749893 27.2965467172 33.2142727944 
0.0 0.0 42.0519726636 117.912469181 
0.0 0.0 87.3699501177 75.4859494936 
0.0 0.0 62.1628469709 55.3599301545 
0.0 0.0 27.1907770488 61.3004813856 
36.188482772 28.4939890889 0.0 87.5995569301 
51.5458170784 67.2667192519 0.0 35.7893630111 
61.2305702417 31.1534438289 0.0 28.1056931059 
38.5987156167 84.1347342207 0.0 36.168132955 
0.0 0.0 0.0 0.0 
63.0492332506 0.0 0.0 23.5059979469 
0.0 0.0 0.0 0.0 
0.0 0.0 0.0 0.0 
0.0 42.5466405388 0.0 64.5643215416 
0.0 56.4109267208 0.0 36.0482734072 
0.0 26.7730813308 0.0 47.3457915081 
0.0 69.208816645 0.0 19.7374122338 
0.0 0.0 0.0 62.8436501053 
0.0 0.0 0.0 0.0 
0.0 0.0 0.0 73.473294871 
0.0 0.0 0.0 57.6629329987 
80.6245444003 59.8385175081 35.5012373235 0.0 
42.6197205716 31.3494098196 83.496187135 0.0 
71.0050734239 30.9252518287 30.0348297165 0.0 
-13.7111719224 66.563989276 1.22841819173 0.0 
0.0 0.0 0.0 0.0 
29.4173807294 0.0 75.6179869493 0.0 
76.6368329537 0.0 31.2457116288 0.0 
0.0 0.0 0.0 0.0 
0.0 0.0 0.0 0.0 
0.0 28.4384567401 63.4108221859 0.0 
0.0 41.1156349574 51.0401916383 0.0 
0.0 0.0 0.0 0.0 
0.0 0.0 0.0 0.0 
0.0 0.0 0.0 0.0 
0.0 0.0 0.0 0.0 
0.0 0.0 0.0 0.0 
69.0578720808 50.0928893757 0.0 0.0 
38.7750504479 94.9034194643 0.0 0.0 
60.408451854 9.03057551356 0.0 0.0 
5.31477216991 56.0263989322 0.0 0.0 
0.0 0.0 0.0 0.0 
0.0 0.0 0.0 0.0 
0.0 0.0 0.0 0.0 
0.0 0.0 0.0 0.0 
0.0 0.0 0.0 0.0 
0.0 0.0 0.0 0.0 
0.0 0.0 0.0 0.0 
0.0 0.0 0.0 0.0 
0.0 0.0 0.0 0.0 
0.0 0.0 0.0 0.0 
0.0 0.0 0.0 0.0 
0.0 0.0 0.0 0.0 
42.8054499875 33.731483795 26.8439029307 64.7949927753 
65.6403501549 41.5068426539 78.2055224963 42.9532989141 
71.1400336955 33.3583666407 28.7700498632 29.6685155721 
11.5228773348 72.6509117913 18.0313530383 11.7943224095 
20.1757199125 0.0 34.2968362789 75.7250482231 
56.5410703779 0.0 71.3983708454 32.9834588323 
73.3505635134 0.0 34.2605087222 27.3974318349 
19.226443066 0.0 54.4599063945 15.7088961571 
0.0 32.6480489811 28.3994825867 70.1456091699 
0.0 42.1844697946 75.4899870326 35.3927667876 
0.0 22.313757435 32.7770384638 40.0243990656 
0.0 57.2904689887 20.2331122542 18.2504978659 
0.0 0.0 27.807686751 59.4326021898 
0.0 0.0 61.753709365 6.88120485375 
0.0 0.0 49.8327556332 54.8105076693 
0.0 0.0 17.5114948679 37.7754757745 
22.7749678428 32.4699098902 0.0 64.8071845462 
70.9978990595 61.0250138497 0.0 41.5113580733 
73.613671301 26.4061664592 0.0 38.8552747708 
24.4030839012 68.817155389 0.0 21.2905132527 
17.6023887599 0.0 0.0 46.3453777639 
0.0 0.0 0.0 0.0 
48.0962363051 0.0 0.0 10.1450243005 
0.0 0.0 0.0 0.0 
0.0 16.9745347214 0.0 54.2329421012 
0.0 0.0 0.0 0.0 
0.0 0.0 0.0 0.0 
0.0 49.2497498531 0.0 9.6591033946 
0.0 0.0 0.0 -9.6 
0.0 0.0 0.0 0.0 
0.0 0.0 0.0 0.0 
0.0 0.0 0.0 0.0 
45.0567313159 32.4906716743 25.7615277612 0.0 
29.4512539484 22.3098973631 93.4531029562 0.0 
58.8445008354 21.8418500458 35.1628867822 0.0 
-0.794639027449 42.2604161339 14.5379968647 0.0 
48.6560748901 0.0 29.9475569737 0.0 
42.0515441565 0.0 67.1139814552 0.0 
33.0811328296 0.0 55.6552563393 0.0 
0.0 0.0 0.0 0.0 
0.0 48.220210296 22.6639542296 0.0 
0.0 47.8317454816 62.903427581 0.0 
0.0 0.0 0.0 0.0 
0.0 18.5886774854 23.47681842 0.0 
0.0 0.0 0.0 0.0 
0.0 0.0 45.3183583074 0.0 
0.0 0.0 0.0 0.0 
0.0 0.0 0.0 0.0 
0.0 59.9699592291 0.0 0.0 
0.0 0.0 0.0 0.0 
58.9920386606 10.3380515861 0.0 0.0 
4.66055431259 66.5814769255 0.0 0.0 
0.0 0.0 0.0 0.0 
0.0 0.0 0.0 0.0 
0.0 0.0 0.0 0.0 
0.0 0.0 0.0 0.0 
0.0 0.0 0.0 0.0 
0.0 0.0 0.0 0.0 
0.0 0.0 0.0 0.0 
0.0 0.0 0.0 0.0 
0.0 0.0 0.0 0.0 
0.0 0.0 0.0 0.0 
0.0 0.0 0.0 0.0 
0.0 0.0 0.0 0.0 

